# 矩阵幂

*时间限制：1000ms*  
*内存限制：128MB*


###题目描述：
　　给定一个n*n的矩阵，求该矩阵的k次幂，即P^k。


###输入：
输入包含多组测试数据。  
数据的第一行为一个整数T(0<T<=10)，表示要求矩阵的个数。  
接下来有T组测试数据，每组数据格式如下：   
第一行：两个整数n（2<=n<=10）、k（1<=k<=5），两个数字之间用一个空格隔开，含义如上所示。  
接下来有n行，每行n个正整数，其中，第i行第j个整数表示矩阵中第i行第j列的矩阵元素Pij且（0<=Pij<=10）。另外，数据保证最后结果不会超过10^8。  


###输出：
对于每组测试数据，输出其结果。格式为：  
n行n列个整数，每行数之间用空格隔开，注意，每行最后一个数后面不应该有多余的空格。


###样例输入：
3  
2 2  
9 8  
9 3  
3 3  
4 8 4  
9 3 0  
3 5 7  
5 2  
4 0 3 0 1  
0 0 5 8 5  
8 9 8 5 3  
9 6 1 7 8  
7 2 5 7 3  


###样例输出：
153 96  
108 81  
1216 1248 708  
1089 927 504  
1161 1151 739  
47 29 41 22 16  
147 103 73 116 94  
162 108 153 168 126  
163 67 112 158 122  
152 93 93 111 97  


###问题解析：
此处书写解析内容

###参考代码：
此处书写参考代码
